[version]
appversion=0.18.0.12600
srcversion=0.18.0.13800
